   7       0 loop0 14 0 34 1 0 0 0 0 0 1 1 0 0 0 0 0 0
   7       1 loop1 340 0 9130 299 0 0 0 0 0 243 299 0 0 0 0 0 0
   7       2 loop2 61 0 2280 107 0 0 0 0 0 64 107 0 0 0 0 0 0
   7       3 loop3 55 0 2168 132 0 0 0 0 0 99 132 0 0 0 0 0 0
   7       4 loop4 53 0 2176 237 0 0 0 0 0 168 237 0 0 0 0 0 0
   7       5 loop5 43 0 696 67 0 0 0 0 0 68 67 0 0 0 0 0 0
   7       6 loop6 53 0 2168 224 0 0 0 0 0 177 224 0 0 0 0 0 0
   7       7 loop7 1809 0 44186 517 0 0 0 0 0 547 517 0 0 0 0 0 0
   8       0 sda 42219 20570 4210936 27804 4630 17414 1179904 13011 0 15451 40816 0 0 0 0 0 0
   8       1 sda1 26 0 208 7 0 0 0 0 0 8 7 0 0 0 0 0 0
   8       2 sda2 42084 20570 4206352 27727 4630 17414 1179904 13011 0 18425 40739 0 0 0 0 0 0
  11       0 sr0 0 0 0 0 0 0 0 0 0 0 0 0 0 0 0 0 0
   7       8 loop8 47 0 760 65 0 0 0 0 0 63 65 0 0 0 0 0 0
   7      10 loop10 51 0 740 144 0 0 0 0 0 143 144 0 0 0 0 0 0
   7       9 loop9 43 0 694 69 0 0 0 0 0 64 69 0 0 0 0 0 0
   7      12 loop12 45 0 700 140 0 0 0 0 0 126 140 0 0 0 0 0 0
   7      11 loop11 1770 0 10672 432 0 0 0 0 0 375 432 0 0 0 0 0 0
   7      14 loop14 35 0 666 11 0 0 0 0 0 13 11 0 0 0 0 0 0
   7      15 loop15 743 0 54864 684 0 0 0 0 0 774 684 0 0 0 0 0 0
   7      13 loop13 21 0 116 45 0 0 0 0 0 45 45 0 0 0 0 0 0
   7      16 loop16 11 0 28 1 0 0 0 0 0 1 1 0 0 0 0 0 0
