   7       0 loop0 393 0 3622 800 0 0 0 0 0 453 800 0 0 0 0 0 0
   7       1 loop1 14 0 34 5 0 0 0 0 0 9 5 0 0 0 0 0 0
   7       2 loop2 657 0 11228 1504 0 0 0 0 0 1014 1504 0 0 0 0 0 0
   7       3 loop3 71 0 2276 1391 0 0 0 0 0 807 1391 0 0 0 0 0 0
   7       4 loop4 75 0 2360 703 0 0 0 0 0 435 703 0 0 0 0 0 0
   7       5 loop5 43 0 696 719 0 0 0 0 0 293 719 0 0 0 0 0 0
   7       6 loop6 103 0 5792 1304 0 0 0 0 0 621 1304 0 0 0 0 0 0
   7       7 loop7 677 0 5130 799 0 0 0 0 0 429 799 0 0 0 0 0 0
   8       0 sda 74060 48848 7032898 45027 80985 113738 5694400 53335 0 42828 98363 0 0 0 0 0 0
   8       1 sda1 26 0 208 16 0 0 0 0 0 17 16 0 0 0 0 0 0
   8       2 sda2 73923 48848 7028274 44883 80985 113738 5694400 53335 0 46418 98219 0 0 0 0 0 0
  11       0 sr0 0 0 0 0 0 0 0 0 0 0 0 0 0 0 0 0 0
   7       8 loop8 2205 0 53054 2033 0 0 0 0 0 1501 2033 0 0 0 0 0 0
   7       9 loop9 2662 0 14578 1382 0 0 0 0 0 935 1382 0 0 0 0 0 0
   7      10 loop10 101 0 944 1063 0 0 0 0 0 481 1063 0 0 0 0 0 0
   7      11 loop11 43 0 694 720 0 0 0 0 0 368 720 0 0 0 0 0 0
   7      12 loop12 53 0 736 1261 0 0 0 0 0 555 1261 0 0 0 0 0 0
   7      13 loop13 99 0 3682 729 0 0 0 0 0 342 729 0 0 0 0 0 0
   7      14 loop14 21 0 116 73 0 0 0 0 0 77 73 0 0 0 0 0 0
   7      15 loop15 46 0 1282 66 0 0 0 0 0 74 66 0 0 0 0 0 0
   7      16 loop16 11 0 28 1 0 0 0 0 0 2 1 0 0 0 0 0 0
